창 상수 차: 낮은발 -0.22 엉덩이 -0.15
 u(s)     r(s)    d낮은발 d엉덩이 d엉덩이(손) conf_min 정체
  5(0.50)  15(1.00)  -0.01  +0.02   +0.06     0.65   1
  6(0.60)  16(1.07)  -0.02  -0.02   -0.05     0.75   1
  7(0.70)  17(1.13)  -0.02  -0.01   -0.09     0.79   2
  7(0.70)  18(1.20)  -0.02  -0.01   -0.05     0.83   2
  8(0.80)  19(1.27)  -0.01  -0.03   -0.01     0.82   2
  8(0.80)  20(1.33)  -0.01  -0.01   +0.01     0.82   2
  9(0.90)  21(1.40)  -0.00  -0.02   -0.01     0.82   3
  9(0.90)  22(1.47)  -0.01  -0.03   -0.01     0.80   3
  9(0.90)  23(1.53)  -0.04  -0.03   -0.02     0.82   3
 10(1.00)  24(1.60)  -0.05  -0.07   +0.01     0.80   1
 11(1.10)  25(1.67)  +0.10  +0.20   +0.64     0.23   1
 12(1.20)  26(1.73)  -0.26  -0.31   -0.81     0.39   2
 12(1.20)  27(1.80)  -0.20  -0.16   -0.66     0.41   2
 13(1.30)  28(1.87)  -0.25  -0.15   -0.13     0.68   3
 13(1.30)  29(1.93)  -0.27  -0.16   -0.13     0.64   3
 13(1.30)  30(2.00)  -0.27  -0.15   -0.11     0.57   3
 14(1.40)  31(2.07)  -0.24  -0.15   -0.11     0.45   1
 15(1.50)  32(2.13)  -0.20  -0.15   -0.12     0.42   1
 16(1.60)  33(2.20)  -0.24  -0.18   -0.16     0.41   1
 17(1.70)  34(2.27)  -0.26  -0.18   -0.15     0.55   1 <
 18(1.80)  35(2.33)  -0.26  -0.18   -0.15     0.49   1
 19(1.91)  36(2.40)  -0.25  -0.18   -0.15     0.52   1 <
 20(2.01)  37(2.47)  -0.24  -0.15   -0.13     0.67   1 <
 21(2.11)  38(2.53)  -0.22  -0.15   -0.12     0.72   1 <
 22(2.21)  39(2.60)  -0.21  -0.14   -0.12     0.72   2
 22(2.21)  40(2.67)  -0.24  -0.18   -0.15     0.69   2
 23(2.31)  41(2.73)  -0.19  -0.14   -0.11     0.75   1 <
 24(2.41)  42(2.80)  -0.16  -0.14   -0.11     0.74   1
 25(2.51)  43(2.87)  -0.15  -0.15   +0.02     0.70   3
 25(2.51)  44(2.93)  -0.14  -0.16   -0.02     0.70   3
 25(2.51)  45(3.00)  -0.27  -0.24   -0.42     0.32   3
 26(2.61)  46(3.07)  -0.07  +0.03   +0.48     0.44   1
 27(2.71)  47(3.13)  -0.16  -0.13   -0.10     0.77   1
 28(2.81)  48(3.20)  -0.15  -0.36   -0.82     0.11   1
 29(2.91)  49(3.27)  -0.18  -0.35   -0.81     0.15   1
 30(3.01)  50(3.33)  -0.21  -0.17   -0.14     0.70   1 <
 31(3.11)  51(3.40)  -0.21  -0.17   -0.15     0.79   1 <
 32(3.21)  52(3.47)  -0.18  -0.17   -0.16     0.55   2
 32(3.21)  53(3.53)  -0.18  -0.16   -0.13     0.55   2
 33(3.31)  54(3.60)  -0.17  -0.14   -0.13     0.44   15
 33(3.31)  55(3.67)  -0.19  -0.15   -0.12     0.44   15
 33(3.31)  56(3.73)  -0.20  -0.14   -0.11     0.44   15
 33(3.31)  57(3.80)  -0.22  -0.13   -0.09     0.44   15
 33(3.31)  58(3.87)  -0.21  -0.14   -0.11     0.44   15
 33(3.31)  59(3.93)  -0.20  -0.17   -0.14     0.44   15
 33(3.31)  60(4.00)  -0.19  -0.19   -0.16     0.44   15
 33(3.31)  61(4.07)  -0.20  -0.20   -0.17     0.44   15
 33(3.31)  62(4.13)  -0.21  -0.18   -0.16     0.44   15
 33(3.31)  63(4.20)  -0.23  -0.16   -0.14     0.44   15
 33(3.31)  64(4.27)  -0.25  -0.13   -0.11     0.44   15
 33(3.31)  65(4.33)  -0.28  -0.13   -0.11     0.44   15
 33(3.31)  66(4.40)  -0.30  -0.12   -0.11     0.44   15
 33(3.31)  67(4.47)  -0.31  -0.13   -0.12     0.44   15
 33(3.31)  68(4.53)  -0.33  -0.13   -0.12     0.44   15
 34(3.41)  69(4.60)  -0.36  -0.13   -0.16     0.36   3
 34(3.41)  70(4.67)  -0.34  -0.15   -0.18     0.36   3
 34(3.41)  71(4.73)  -0.34  -0.14   -0.21     0.36   3
 35(3.51)  72(4.80)  -0.35  -0.13   -0.13     0.37   4
 35(3.51)  73(4.87)  -0.34  -0.17   -0.16     0.37   4
 35(3.51)  74(4.93)  -0.28  -0.48   -0.98     0.17   4
 35(3.51)  75(5.00)  -0.27  -0.35   -0.84     0.11   4
 36(3.61)  76(5.07)  -0.28  -0.35   -0.84     0.11   1
 37(3.71)  77(5.13)  -0.21  -0.16   -0.06     0.65   1 <
 38(3.81)  78(5.20)  -0.15  -0.15   -0.14     0.71   1
 39(3.91)  79(5.27)  -0.11  -0.16   -0.15     0.65   1
 40(4.01)  80(5.33)  -0.07  -0.15   -0.12     0.66   1
 41(4.11)  81(5.40)  -0.04  -0.16   -0.12     0.64   1
 42(4.21)  82(5.47)  -0.03  -0.16   -0.10     0.60   1
 43(4.31)  83(5.53)  -0.03  -0.14   +0.12     0.47   2
 43(4.31)  84(5.60)  -0.06  -0.13   +0.13     0.48   2
 44(4.41)  85(5.67)  -0.10  -0.15   +0.06     0.68   1
 45(4.51)  86(5.73)  -0.01  +0.02   +0.49     0.41   1
 46(4.61)  87(5.80)  -0.01  -0.07   +0.38     0.31   1
 47(4.71)  88(5.87)  -0.22  -0.21   -0.18     0.59   1
 48(4.81)  89(5.93)  -0.03  +0.07   +0.53     0.29   1
 49(4.91)  90(6.00)  -0.30  -0.16   -0.12     0.61   1
 50(5.01)  91(6.07)  -0.33  -0.15   -0.11     0.69   1
 51(5.11)  92(6.13)  -0.33  -0.12   -0.10     0.48   3
 51(5.11)  93(6.20)  -0.36  -0.15   -0.13     0.48   3
 51(5.11)  94(6.27)  -0.38  -0.16   -0.14     0.48   3
 52(5.21)  95(6.33)  -0.32  -0.12   -0.12     0.46   3
 52(5.21)  96(6.40)  -0.32  -0.12   -0.15     0.46   3
 52(5.21)  97(6.47)  -0.30  -0.14   -0.19     0.46   3
 53(5.31)  98(6.53)  -0.33  -0.16   -0.25     0.35   4
 53(5.31)  99(6.60)  -0.58  -0.11   -0.46     0.32   4
 53(5.31) 100(6.67)  -0.29  -0.18   -0.17     0.35   4
 53(5.31) 101(6.73)  -0.26  -0.15   -0.14     0.35   4
 54(5.41) 102(6.80)  -0.28  -0.35   -0.83     0.10   1
 55(5.51) 103(6.87)  -0.28  -0.34   -0.84     0.13   1
 56(5.61) 104(6.93)  -0.98  -0.43   -0.91     0.31   1
 57(5.72) 105(7.00)  +0.02  -0.08   -0.07     0.73   1
 58(5.82) 106(7.07)  +0.09  -0.07   -0.06     0.73   1
 59(5.92) 107(7.13)  +0.15  -0.06   -0.04     0.82   1
